1929.2854 899.2639 1000 0
1059.0398 364.71338 1000 0
1015.2318 610.9829 1000 0
1010.6176 565.67633 1000 0
998.97046 592.78864 1000 0
948.9735 572.2582 1000 0
390.2487 180.64978 1000 0
321.91724 131.27005 1000 0
241.45012 125.1068 1000 0
187.14136 102.82271 1000 0
178.16531 119.91162 1000 0
103.455315 74.54377 1000 0
91.50907 65.15466 1000 0
80.41256 51.88464 1000 0
64.817444 41.266865 1000 0
49.93649 29.545326 1000 0
41.760506 25.430513 1000 0
63.363163 37.09999 1000 0
101.11604 71.35156 1000 0
35.968044 19.544617 1000 0
29.308353 15.374822 998 2
48.984898 21.537506 1000 0
27.250727 14.285391 998 2
29.169651 16.485159 998 2
19.478333 10.003188 998 2
17.065777 8.273957 994 6
21.98273 10.2871685 992 8
17.06577 7.7846956 988 12
27.476158 11.194764 993 7
23.423058 12.987027 993 7
10.841205 5.6627073 973 27
69.11547 26.888298 988 12
8.83039 4.2190876 960 40
19.116287 7.6746016 973 27
29.437593 11.219062 972 28
8.425147 3.6653242 901 99
14.884377 5.7289553 941 59
7.4286046 4.0066457 893 106
12.801244 6.5579987 944 56
7.1704483 3.391356 881 118
6.4472103 3.2397392 860 139
7.140369 3.4280019 864 134
6.0664554 3.3739586 864 135
4.79697 2.40083 807 182
3.9272177 2.0335078 777 220
7.3800907 4.177001 872 127
4.6485953 2.420087 778 217
4.563386 2.7305532 820 176
8.064406 3.9894252 840 153
8.207601 3.007231 824 173
9.670205 6.2907743 963 37
9.518947 4.2166686 844 153
10.701211 7.329412 937 61
16.51688 5.764295 894 102
13.31908 6.899156 902 95
4.0753736 2.1250653 755 235
11.945692 5.7059183 851 147
5.9508867 2.4890177 753 235
4.30732 3.2780185 859 137
5.695976 2.7444863 764 221
3.9915543 1.748954 673 299
0.97418517 0.49291956 223 648
0.890746 0.43463477 193 636
0.87474966 0.43242857 187 641
0.8653265 0.4245329 182 637
0.8592548 0.41857973 182 632
0.8536533 0.41467613 181 629
0.84722567 0.4137901 178 629
0.8402665 0.4134964 173 627
0.8328926 0.41154858 171 628
0.8250383 0.40976548 171 624
0.81650966 0.40472347 168 626
0.80709225 0.40451458 169 628
0.79662144 0.401045 165 630
0.7852111 0.40056145 161 633
0.773283 0.3982688 156 643
0.76174223 0.3962187 153 644
0.75171244 0.39018556 154 644
0.7436352 0.38380292 152 649
0.7362296 0.38382572 151 644
0.7279186 0.3781358 148 644
0.7193522 0.37470108 145 644
0.7113073 0.373102 141 642
0.70355886 0.371849 138 641
0.6960209 0.36941424 137 642
0.68877095 0.36733365 133 641
0.68197834 0.3666271 131 643
0.67592394 0.36505044 129 647
0.6710015 0.36135077 128 642
0.6675835 0.36260194 126 642
0.66549 0.35707235 128 637
0.66341454 0.35257596 129 632
0.659504 0.3527873 130 626
0.6533272 0.353512 130 624
0.64618874 0.35370505 125 624
0.6388695 0.35128453 124 623
0.6312041 0.34679484 126 613
0.6232421 0.34223184 125 609
0.6153147 0.33828324 123 604
0.60782135 0.33459845 122 593
0.6013317 0.3258045 118 590
0.59682196 0.3225749 115 595
0.5954429 0.32260287 111 602
0.5978069 0.32903367 111 602
0.6035027 0.33227122 115 618
0.6114105 0.34130347 124 609
0.6202687 0.3463361 127 613
0.6291134 0.34727946 133 617
0.6372196 0.35417584 136 620
0.6440968 0.36072782 138 619
0.6493531 0.36392042 146 618
0.6525023 0.36470297 145 621
0.65307677 0.36544186 148 619
0.6509935 0.36348236 148 623
0.64732045 0.36278063 146 624
0.64381343 0.3643776 145 626
0.6412625 0.3604353 144 621
0.5102958 0.25963283 98 547
0.49898788 0.26107806 93 548
0.4988903 0.2602148 92 550
0.49830696 0.26025862 92 547
0.49774152 0.26080614 92 547
0.49719667 0.26096094 92 547
0.49664944 0.2598309 92 546
0.49609315 0.25838137 92 545
0.49553484 0.25836545 92 544
0.4949638 0.25874647 92 544
0.49438575 0.2592104 92 543
0.4937993 0.2597501 91 544
0.4932043 0.25881588 91 546
0.49259752 0.25721627 91 545
0.49198902 0.25695056 91 543
0.49136728 0.25742275 91 543
0.4907385 0.2576481 91 542
0.49009943 0.2567833 91 544
0.48944744 0.2561928 91 544
0.48878503 0.25572133 90 544
0.48810592 0.2559284 89 544
0.48741442 0.2556738 89 544
0.4867131 0.25495818 90 543
0.48599178 0.25472546 90 543
0.48526138 0.2553801 90 542
0.48451716 0.25589484 88 541
0.48376155 0.25577235 88 541
0.48299 0.25484002 88 539
0.48220336 0.25405672 88 539
0.48140672 0.25398374 88 539
0.48059303 0.25423113 88 538
0.47976765 0.25512132 88 538
0.47893047 0.25588104 87 538
0.4780841 0.25617966 87 537
0.4772306 0.25594014 87 536
0.47636992 0.2569979 87 536
0.47550228 0.25724846 87 535
0.47463295 0.25687575 87 534
0.47376496 0.25585768 87 533
0.4728985 0.2536405 87 531
0.47203624 0.25412142 87 531
0.47118095 0.2551947 87 531
0.4703378 0.25505346 87 531
0.46951005 0.25453418 87 531
0.4686997 0.25375658 87 532
0.46791136 0.25134507 87 528
0.46714953 0.25174683 87 530
0.46642077 0.2526907 88 529
0.46572226 0.2524566 88 530
0.46506304 0.252102 88 530
0.46443868 0.25190097 88 531
0.46385047 0.25150618 86 533
0.4632944 0.2515989 87 534
0.46276912 0.25061324 87 534
0.46226797 0.24969709 87 537
0.46178028 0.24946916 86 539
0.46130085 0.24917388 85 536
0.46082345 0.2490646 84 538
0.46033964 0.24883027 82 540
0.4598414 0.24952282 82 538
0.4593302 0.24951869 82 537
0.4587989 0.24990074 81 539
0.4582481 0.25052574 80 538
0.45767418 0.25057805 80 539
0.45707676 0.2503786 78 541
0.45645887 0.25031477 77 541
0.4558236 0.24893813 77 541
0.45517066 0.24872693 77 540
0.45450234 0.24841094 77 540
0.45382035 0.2483053 77 541
0.45312607 0.2480447 77 541
0.45241916 0.24784899 77 541
0.4517046 0.24763513 77 540
0.45098287 0.24704832 76 541
0.45025256 0.24679211 76 541
0.4495186 0.2461969 76 539
0.4487841 0.24562833 73 541
0.4480389 0.24546537 73 541
0.4472932 0.24489506 73 538
0.44654086 0.24433146 73 537
0.44578815 0.24377269 73 536
0.4450333 0.24320155 73 535
0.44427845 0.24332671 73 532
0.44352186 0.24338233 73 532
0.44276324 0.24262857 73 532
0.4420038 0.24210328 73 532
0.4412417 0.24185142 73 530
0.4404793 0.24159469 73 529
0.4397188 0.24133283 73 528
0.43895572 0.24114467 73 528
0.43819323 0.24086456 73 526
0.437432 0.24051109 72 527
0.4366696 0.24023044 72 524
0.43590885 0.23981974 72 524
0.43514714 0.23932782 72 523
0.43438688 0.23883924 72 523
0.43362367 0.23834336 72 521
0.43286276 0.23779725 72 520
0.43210304 0.2373776 72 520
0.43134475 0.23709242 72 520
0.4305841 0.23669663 72 519
0.4298264 0.2362076 71 519
0.42907122 0.23572166 71 519
0.42831448 0.23513769 71 518
0.42756075 0.23444355 71 516
0.42680767 0.2338778 71 516
0.42605427 0.23351797 71 516
0.42530254 0.23330517 71 515
0.42455256 0.2330653 71 514
0.42380232 0.23282214 71 513
0.4230542 0.2321479 70 513
0.4223062 0.23147637 70 512
0.4215618 0.23091829 70 512
0.42081538 0.23044664 70 510
0.42007542 0.22997497 70 509
0.41933385 0.22960593 69 509
0.41859394 0.22940792 69 508
0.41785526 0.22918296 69 506
0.41712114 0.22869858 69 506
0.41638485 0.2282148 68 507
0.41565266 0.22773871 68 507
0.41492227 0.22726314 68 507
0.41419032 0.22677858 68 507
0.41346234 0.2263064 68 507
0.4127372 0.22595133 68 505
0.41201165 0.22569436 68 505
0.41128927 0.22543526 68 504
0.41056985 0.2251831 67 502
0.40984893 0.22462553 67 499
0.4091328 0.22401686 66 499
0.40841714 0.22370096 65 500
0.40770233 0.22374423 64 498
0.4069897 0.2237621 63 499
