2003.0337 902.2417 1000 0
996.8504 369.82715 1000 0
955.6521 527.92035 1000 0
961.8513 513.201 1000 0
953.2085 534.354 1000 0
766.9901 418.42062 1000 0
314.57602 153.07936 1000 0
288.5492 129.85564 1000 0
280.83218 125.12898 1000 0
239.44177 97.42123 1000 0
161.23468 93.8037 1000 0
93.33453 62.66071 1000 0
142.94121 108.31693 1000 0
67.54497 38.492546 1000 0
47.61171 31.207973 1000 0
78.155205 42.733257 1000 0
65.16779 36.418617 1000 0
37.483746 23.671867 1000 0
38.231396 19.275597 999 1
31.922207 19.897728 1000 0
31.273354 19.321283 1000 0
28.389063 18.041996 1000 0
17.15732 9.265833 999 1
31.502048 16.856018 998 2
30.956348 15.137003 997 3
17.772629 6.3717465 987 13
16.714754 6.683278 968 32
10.004615 5.046778 961 39
9.371066 4.3385143 963 37
34.332977 14.348648 976 24
10.095065 5.218225 943 57
7.0149612 3.9343798 899 101
18.80463 8.726728 939 61
12.691993 4.288292 888 111
29.556175 10.981738 969 31
8.670586 5.099506 931 69
4.9921446 2.3572493 862 138
8.864203 3.9740264 915 84
6.4105806 3.4983897 878 122
10.581988 6.0946302 936 63
7.120918 3.417245 864 135
6.6992536 3.7305794 884 115
10.842249 7.6750975 961 39
31.197664 15.201128 974 26
6.4832997 2.4842339 805 192
4.045916 1.9398153 742 254
4.1535525 2.1347928 759 239
4.6573443 2.6851313 811 188
12.211896 4.007161 818 178
3.1749957 1.5958819 676 310
10.285875 3.3253326 779 210
9.522907 4.281868 864 136
12.567592 4.1727724 885 113
14.787047 7.997281 923 72
24.694626 13.599953 937 63
2.9606733 1.553293 674 323
4.7494717 2.5475073 799 193
4.451303 1.867699 672 308
3.3897612 2.1046424 749 230
7.4989977 3.0006595 787 207
6.5045137 3.1441836 785 203
2.9186368 1.4600786 630 352
9.70383 5.263749 854 140
3.9438334 2.0537746 738 250
11.205087 3.6262999 800 184
7.878546 2.9177146 757 237
6.1450915 2.376533 692 279
2.467245 1.7175416 717 268
5.976366 2.164497 698 269
3.7368863 1.89709 682 303
1.7295727 0.96159977 478 468
8.135292 3.9779835 799 193
5.148989 2.060095 687 293
3.2723396 1.8012319 702 279
3.6140373 1.8088214 699 284
6.0420337 2.2060003 747 245
6.469267 3.9186003 790 204
6.131755 2.5372262 712 257
8.49496 2.7715118 706 258
1.6661648 0.7334656 387 530
3.461513 2.1399097 738 257
5.3236084 2.2988288 697 264
5.086922 1.6566687 614 341
2.4123788 1.3585849 612 367
2.1960099 1.1798006 557 401
1.3693272 0.7027876 371 523
3.1353452 1.5201087 633 317
6.216332 3.0399714 765 214
4.3063016 2.2685223 708 278
6.2027025 2.670588 758 219
5.1809316 2.3928683 710 280
3.0739472 1.2172196 557 398
4.4764204 2.4836605 722 241
2.3015356 1.2314233 555 403
4.1938586 3.3257382 898 101
5.165236 2.814015 774 213
3.5555758 1.8649752 664 278
1.1742829 0.5698926 308 570
3.4577365 1.7888732 717 266
6.0102224 3.140883 775 208
1.9685196 1.0033162 502 459
4.406272 1.6860627 641 317
2.5933678 1.4730109 624 333
2.905322 1.20087 550 373
3.3472002 2.3118405 737 240
3.087862 1.5136094 615 316
1.9882939 1.233087 568 361
2.4875102 1.0009629 501 450
3.6489487 1.9301132 671 294
5.070554 2.2439344 741 221
3.9112363 2.283686 834 164
6.6485233 3.3862958 758 219
4.6406403 2.7936034 770 194
5.328001 2.3781538 705 265
14.581298 5.1063194 807 173
4.6843915 1.983674 673 266
1.8945495 1.2203853 573 385
4.361479 2.515492 719 234
1.6382414 0.84693617 448 462
2.0503626 1.355168 602 368
2.6095157 1.3422065 609 355
2.9847775 1.121743 532 402
4.246855 1.3352463 579 310
1.3911177 0.6530895 361 541
1.104863 0.65445894 358 477
1.3449746 0.6692564 379 453
1.2642637 0.55933505 315 533
0.9154834 0.46111456 260 546
0.7320975 0.361603 189 550
1.0099955 0.5963399 320 513
1.4929347 0.6537498 388 418
0.77307755 0.4164569 223 536
2.2899382 1.3818283 582 332
2.33276 1.7746599 737 241
1.5046904 0.60557497 372 463
1.4901954 0.83059317 456 432
1.4956045 0.73114717 413 433
2.0829427 1.2362955 578 340
0.9790314 0.46505776 249 531
2.1279275 1.1536363 551 362
0.56642133 0.32441866 134 553
1.257116 0.6086892 367 436
1.297423 0.8568396 452 435
2.0392656 1.2411938 547 351
1.283109 0.51415926 325 453
1.1849676 0.5171726 324 451
1.68524 0.7147062 407 415
1.9659266 0.92225945 478 443
1.9209585 0.8291579 449 429
0.9531332 0.5321223 251 586
1.432087 0.54770476 338 433
1.4698008 0.94992983 484 412
0.5279023 0.3518438 120 594
3.1634817 1.1667039 540 357
1.0253552 0.5635847 301 513
0.8453753 0.46086338 203 599
1.2876267 0.6910688 372 467
1.7841526 0.8076257 449 387
2.0618498 1.4124001 614 329
0.9198222 0.49606395 260 557
0.96205103 0.47430176 269 488
1.9610058 0.963086 492 367
1.5549874 0.7737286 419 468
1.9450163 0.7872982 435 412
0.9111811 0.4969053 246 568
0.73873335 0.39180806 212 519
1.0993359 0.4254845 270 454
1.0142453 0.5451038 304 496
2.3046346 1.1627271 545 365
3.1564126 1.3968621 592 359
2.268748 1.555059 669 292
3.922538 1.9327669 664 307
0.6036405 0.3408621 143 575
1.1156762 0.6347935 326 548
4.192999 1.7770474 625 301
2.3919091 1.6153593 609 322
2.51409 1.0525913 515 358
1.263921 0.654666 365 451
1.4836761 0.65120906 376 440
0.6791986 0.31549275 199 458
0.55203986 0.27516136 159 447
0.7445622 0.36705992 199 518
0.28264594 0.16640982 35 391
0.7397162 0.4536307 238 498
0.63890165 0.48173955 188 618
0.59265566 0.42791706 150 627
0.58846396 0.4496546 133 664
0.47636333 0.29229882 100 517
0.5590311 0.2953676 139 509
0.68085575 0.32689115 173 487
0.42136347 0.22747543 86 462
0.95519114 0.40223014 257 470
1.2555494 0.49180633 318 400
1.0384045 0.40858823 283 416
0.84742445 0.38064873 247 434
1.0312346 0.669889 370 478
0.5093126 0.2545696 133 465
0.32403997 0.1953192 44 448
0.75590014 0.42514855 215 527
0.6925068 0.29038754 168 457
1.5627482 0.59213614 372 389
1.0662292 0.56283575 314 452
0.5739127 0.27266675 161 465
0.5631074 0.3677874 162 540
1.3699065 0.84530747 439 427
0.95207286 0.70390725 300 631
0.46392778 0.28307235 102 551
1.0956516 0.56264514 333 431
1.1598393 0.4700616 308 388
0.26332775 0.12687299 37 280
0.22992468 0.12685634 29 300
0.27108604 0.15818161 36 367
0.28454578 0.16697486 39 386
0.21939588 0.130098 22 304
0.19308004 0.11514727 17 244
0.2407218 0.12917785 31 299
0.25423768 0.14165297 35 332
0.24288553 0.14745516 24 356
0.2362544 0.1423657 25 324
0.27429458 0.15403798 37 359
0.34938326 0.21889028 56 481
0.46670964 0.35196894 82 653
0.18045218 0.10765011 15 207
0.3396389 0.20029895 53 448
0.48947015 0.32136557 109 558
0.8971414 0.38605404 260 405
0.8877895 0.39502415 267 436
0.22056772 0.13189343 21 278
0.5789389 0.36404544 141 585
0.3162398 0.23813114 30 560
0.6856745 0.2754885 199 381
0.6412429 0.46047193 191 574
0.30962828 0.19167419 38 439
0.3782128 0.28637582 47 624
0.59713036 0.45537147 129 703
0.26152593 0.16704658 23 397
0.6878307 0.25219852 184 377
0.6190574 0.40362176 176 532
0.2786138 0.1820672 31 425
0.44694036 0.27042973 101 498
1.1008601 0.6941701 380 418
0.28408197 0.14094827 40 333
0.672432 0.4384266 180 592
0.6485988 0.40177953 181 558
0.69753593 0.29570645 206 386
0.37511063 0.19206756 86 398
0.2511269 0.17517789 19 434
0.6938807 0.5334516 234 550
0.91614324 0.49704775 279 468
0.1436978 0.07487294 13 162
