1318.868 447.45612 1000 0
1230.041 591.3723 1000 0
328.88617 211.03088 1000 0
142.65451 88.926956 1000 0
82.96462 63.229393 1000 0
110.99867 56.278233 1000 0
36.059345 22.018219 1000 0
71.406395 40.749374 1000 0
81.30909 42.904274 1000 0
84.58695 40.57477 1000 0
43.841705 19.65195 998 2
29.911913 19.314943 1000 0
33.05325 13.400961 999 1
34.60231 14.7601795 992 8
20.062311 12.634966 991 9
82.454926 23.82907 995 5
20.672222 11.716749 990 10
21.745333 10.858131 985 15
17.318167 9.144757 970 30
46.428185 20.832092 983 17
21.990366 9.788161 969 30
20.926556 10.815456 983 17
28.220028 9.626072 954 46
11.88397 5.218804 928 72
20.30762 9.862104 970 30
16.059671 6.678588 921 79
20.397547 9.367667 924 76
41.456688 18.135286 975 25
16.524017 9.752186 960 40
17.517841 8.268171 937 63
18.43338 8.155523 923 76
30.333605 16.55344 964 36
7.8881555 3.661151 882 116
31.514818 14.006836 939 61
16.27126 8.832635 941 59
18.679533 12.824693 963 37
23.034046 12.424397 967 32
23.38314 6.1614504 932 67
9.145074 3.8735766 901 97
13.18456 5.5218706 861 137
7.237051 3.719151 845 151
7.381917 2.9614074 821 173
8.700823 3.94847 850 145
20.542746 10.394407 970 30
11.937965 4.9779463 898 102
14.291128 5.9963703 877 118
5.785974 3.3894274 856 138
8.020103 4.468799 883 111
8.795475 2.9430327 871 128
16.027416 7.1226215 922 76
10.651187 5.908389 916 84
11.324172 4.210298 822 173
11.214216 5.3810043 887 105
15.200626 6.087839 856 141
10.601031 4.1447887 828 171
12.456465 4.124869 832 167
15.297865 7.2931256 883 112
4.9553413 2.7006083 765 224
11.386786 4.1851077 831 164
6.010202 3.4978776 834 164
4.6106215 1.8243906 677 302
7.433446 3.5972261 834 163
11.546057 5.262124 903 96
5.0892873 1.9376596 719 270
5.7829185 2.413806 728 258
4.0941043 1.9168338 742 253
5.3118954 2.4526832 761 235
7.6734357 3.9807916 892 106
9.635525 4.420899 810 174
4.3810835 1.9696546 706 277
6.443667 4.956397 932 67
10.115537 4.847288 837 150
8.426843 4.5188246 870 125
2.9593437 1.8377908 720 267
6.108841 2.2880054 744 237
3.5060701 1.8743194 725 260
4.609909 2.007711 705 276
5.1396923 2.583048 772 216
8.565297 2.998591 757 218
8.301321 3.24944 811 181
11.47235 7.6378384 926 74
5.580372 2.2349963 706 275
11.12853 3.6649218 825 171
7.886125 3.2617276 761 224
8.064725 2.743637 736 250
13.468062 4.8419294 790 185
4.372359 2.2532568 731 251
19.169607 5.2640176 851 149
5.743865 2.9655585 769 224
4.114837 1.760952 674 294
0.19182302 0.112392366 25 235
0.12456546 0.07172035 9 129
0.110787906 0.062013946 8 109
0.10482303 0.061227594 7 102
0.09825172 0.057107933 4 93
0.09402718 0.055680208 3 86
0.09064045 0.054780804 3 80
0.087100476 0.053592235 3 72
0.083577655 0.05321925 2 68
0.08062719 0.05175574 2 67
0.078595445 0.050575282 2 61
0.07713142 0.049885172 2 62
0.076214544 0.04972411 2 61
0.07613183 0.04859741 2 65
0.0765939 0.048434306 2 65
0.07738954 0.04764025 2 69
0.07822475 0.047373265 2 68
0.07845604 0.046820793 2 73
0.077107385 0.046409655 2 64
0.074484445 0.045912825 2 58
0.07296294 0.04474308 2 56
0.07305567 0.045124266 2 58
0.073996335 0.044526815 2 62
0.07548154 0.044819694 3 63
0.07717627 0.04523032 3 71
0.07856816 0.044928633 2 76
0.07902791 0.044903014 2 74
0.07714867 0.044591915 2 70
0.0710142 0.04330099 1 60
0.066555336 0.041769307 1 48
0.06448333 0.040451035 1 42
0.064736925 0.039722525 1 41
0.064532615 0.03816213 1 44
0.06355835 0.03812944 1 43
0.06375915 0.038196422 1 42
0.062590644 0.03735169 1 41
0.06449035 0.038294088 1 46
0.0650382 0.039100323 1 46
0.07311978 0.042080462 1 60
0.08393744 0.04603643 5 71
0.08541159 0.047338746 4 71
0.07548109 0.043502003 0 66
0.06447378 0.036505837 2 48
0.06756048 0.03912183 1 52
0.0877981 0.04707019 6 74
0.073291145 0.038800452 5 57
0.06952087 0.038387276 2 55
0.06754857 0.039136752 3 51
0.08022934 0.04053147 5 70
0.06872109 0.03671741 2 56
0.08867909 0.04884997 4 89
0.07000949 0.03857755 3 53
0.070994616 0.04074514 3 50
0.10820002 0.053936675 6 129
0.076829225 0.04575919 3 65
0.063281745 0.034618188 1 39
0.07278553 0.03837486 2 67
0.13295537 0.06315267 13 161
0.10062592 0.0554 8 96
0.03631345 0.020924779 0 18
0.034702986 0.020532487 0 16
0.03437963 0.020781737 0 15
0.03414419 0.020578409 0 15
0.033929706 0.020615553 0 15
0.03373221 0.02048005 0 15
0.033550523 0.020452399 0 15
0.03338564 0.020484628 0 15
0.033241507 0.020426804 0 15
0.033120997 0.020519847 0 15
0.033024255 0.020610396 0 13
0.03294657 0.020608893 0 13
0.03288069 0.02056494 0 13
0.03282032 0.020504586 0 13
0.032760914 0.02050455 0 13
0.032700814 0.020505615 0 13
0.03263837 0.020554997 0 14
0.032574516 0.020532725 0 14
0.032510895 0.020515991 0 14
0.03244785 0.020489072 0 14
0.032385994 0.020401636 0 14
0.032324214 0.020357799 0 13
0.03226284 0.02031338 0 13
0.03220202 0.020351062 0 13
0.032141037 0.02036718 0 12
0.03208028 0.020349888 0 12
0.032018684 0.020324655 0 12
0.03195541 0.02029502 0 12
0.031888913 0.020162394 0 12
0.03181793 0.020046048 0 12
0.031739622 0.01988917 0 12
0.031652756 0.01968847 0 13
0.03155933 0.019626824 0 13
0.031462535 0.019597623 0 13
0.031365525 0.019402828 0 12
0.031272594 0.019192329 0 12
0.031184705 0.019193163 0 12
0.031101344 0.01907422 0 12
0.031021653 0.019095054 0 10
0.030944766 0.019105738 0 10
0.030868921 0.019042356 0 10
0.030796064 0.019077258 0 10
0.030725291 0.019047579 0 10
0.030658022 0.019017875 0 10
0.030594872 0.019002281 0 10
0.030538058 0.019046279 0 10
0.030490216 0.019100072 0 10
0.03045358 0.019038072 0 11
0.030430729 0.018867854 0 10
0.030422736 0.018921163 0 12
0.03042699 0.018888857 0 12
0.030436905 0.018856324 0 12
0.030441914 0.018797196 0 12
0.030429129 0.018886108 0 12
0.030391846 0.01891982 0 13
0.030328942 0.018948883 0 13
0.030245058 0.018772095 0 13
0.030146878 0.018657481 0 12
0.030041302 0.01859476 0 12
0.029933952 0.018513601 0 11
0.02982494 0.018461315 0 11
0.029717365 0.018566305 0 11
0.02960728 0.018482633 0 11
0.029495854 0.018418066 0 11
0.029382756 0.0184098 0 11
0.029267471 0.018327959 0 11
0.029152395 0.018266657 0 10
0.029040316 0.018202411 0 10
0.028934339 0.018129714 0 11
0.028836366 0.018117756 0 11
0.028746905 0.018110992 0 11
0.028666053 0.018072307 0 10
0.028592013 0.018039122 0 10
0.028521357 0.018096041 0 10
0.02845089 0.018062193 0 10
0.028380588 0.018004173 0 10
0.028307233 0.0179868 0 10
0.028233444 0.018013418 0 10
0.028160121 0.017921323 0 10
0.0280887 0.017729165 0 10
0.028019862 0.017655235 0 10
0.027955202 0.017564332 0 11
0.027894018 0.017577624 0 11
0.02783625 0.017505951 0 11
0.027781473 0.01751639 0 11
0.027729198 0.017495042 0 11
0.027678486 0.017441541 0 11
0.027628046 0.017307997 0 11
0.027576335 0.01723718 0 11
0.027523004 0.017184779 0 11
0.027467959 0.017092586 0 11
0.027409313 0.017167216 0 10
0.027347004 0.017115839 0 10
0.02728062 0.016991718 0 10
0.027210662 0.01702253 0 10
0.027137537 0.017006192 0 10
0.027061379 0.016976539 0 10
0.026982313 0.016938593 0 10
0.026901871 0.016887594 0 10
0.026820486 0.016811365 0 9
0.026739258 0.016766516 0 9
