2142.646 866.2341 1000 0
993.5847 523.4051 1000 0
1007.40045 535.16205 1000 0
1023.21735 597.7417 1000 0
987.5489 572.31586 1000 0
956.10876 544.36316 1000 0
359.79327 193.80293 1000 0
285.82584 172.73325 1000 0
263.9386 176.4465 1000 0
250.9378 177.05249 1000 0
216.61871 151.95886 1000 0
315.07544 193.85028 1000 0
100.83546 65.647 1000 0
86.51046 57.939034 1000 0
142.16089 83.83415 1000 0
109.30493 69.430084 1000 0
61.83353 39.543865 1000 0
35.278893 20.603146 1000 0
73.75209 43.531067 1000 0
34.14746 20.745033 1000 0
28.066372 15.805407 1000 0
27.275204 15.997285 1000 0
22.727901 12.962815 999 1
21.276411 12.168173 999 1
16.616701 9.379457 997 3
16.930645 11.769883 1000 0
39.693756 17.53401 1000 0
14.194291 7.162013 983 17
10.171351 6.2945776 981 19
30.28821 11.8002 964 36
10.27359 5.6746035 978 22
7.830532 4.225884 965 35
17.266567 8.078625 967 33
9.1277685 5.1864033 948 52
9.026217 6.033911 974 26
17.486313 7.541134 942 57
12.744742 5.7640266 938 62
8.75979 4.107217 874 125
7.891371 4.676556 927 73
7.9938703 5.001418 911 88
22.029793 7.909899 912 88
7.0655785 3.6646032 880 118
5.0815296 2.4228926 798 202
5.6219683 3.6238685 881 119
13.798586 8.540081 967 33
5.0606456 2.8033478 808 190
4.3537464 2.164028 729 258
8.063817 3.7771854 884 116
3.7413707 1.8010839 714 284
7.350022 3.5014648 832 163
5.521893 2.3609014 731 259
22.396162 12.114254 955 43
4.903391 2.789662 823 173
8.897914 5.1637907 848 149
4.123901 2.3264835 778 218
3.6853437 1.9077065 708 282
3.6702673 2.0449798 713 262
4.603835 2.2748039 729 264
4.6086125 2.2967262 741 258
4.6707582 2.3684552 767 227
5.4086313 3.4377058 852 141
8.759668 3.9470768 808 180
6.2701297 3.50964 856 139
4.614757 2.872496 816 176
2.0732923 1.1578805 564 419
12.131377 6.9583435 929 70
7.2916527 2.9227822 766 221
10.879716 3.7776723 821 170
3.1838174 1.6069521 657 327
4.769932 1.8974822 651 314
3.8981974 2.2197309 742 247
6.4807534 2.1148028 690 282
11.587406 5.2377605 838 149
4.084878 2.422908 762 226
6.0878153 2.6730614 752 241
15.87864 6.9829397 913 86
7.9361362 4.7523146 837 156
5.026238 2.3918948 730 265
4.2967544 1.8399183 680 297
4.3599586 2.278259 728 257
4.9193544 2.0132928 700 282
8.5142145 3.4626555 770 217
10.765175 4.741861 783 211
4.7008038 2.237468 721 241
5.0174227 2.1108522 684 283
3.269143 1.8234673 670 293
2.5716786 1.0051347 502 403
1.2314912 0.62297964 343 553
1.1977979 0.61623317 331 584
4.1008153 1.8172599 665 316
2.3754644 1.2137405 559 389
2.9685261 1.1820079 543 377
1.0172621 0.5273448 261 608
1.0704175 0.7296318 367 541
4.654125 2.733838 766 216
1.4315572 0.86829567 448 487
1.7364552 0.8070284 438 442
1.1434287 0.69216156 353 556
3.4324312 1.3110199 572 357
1.7975602 0.9740922 492 401
4.0026417 1.9063792 656 278
2.108867 0.97886205 490 408
2.4793553 1.1099014 533 385
4.1179957 1.6537886 612 305
2.0466056 1.092462 522 404
1.832239 1.0015118 501 448
1.0449301 0.5405499 284 564
2.9420872 1.2332913 565 391
1.8896643 1.0712513 521 432
3.079411 1.4206785 610 359
2.202041 0.9075578 475 437
1.335035 0.8236895 430 470
1.9187576 0.8770111 449 446
3.7377982 1.3984804 583 345
1.0939828 0.49214438 312 483
1.4956332 0.9202892 477 430
1.3521519 0.7360985 412 461
1.090501 0.5193759 293 525
0.5647908 0.32756957 113 637
1.6886399 0.7466994 433 426
1.1248374 0.71293306 393 461
1.342564 0.6261229 375 428
1.6625737 0.62497836 378 445
0.82081324 0.47210684 258 494
0.8951862 0.4790933 278 531
1.2855769 0.6783035 368 482
0.5772783 0.3038724 146 523
1.272366 0.6845609 362 506
1.3814085 0.700114 376 454
1.6021451 0.68457925 376 448
0.70179236 0.36624545 177 553
0.9343479 0.44038692 248 537
1.3529036 0.89639676 458 442
1.600953 0.88049424 469 409
1.9965485 1.4237342 625 309
0.9065392 0.4978754 284 498
1.2576504 0.59550816 353 461
2.132344 1.0711775 518 426
0.9095423 0.4499545 262 519
1.0376592 0.6769634 343 510
0.4822815 0.33306703 75 666
0.31116343 0.18532978 37 424
0.45473483 0.30601794 86 582
0.5417781 0.32965147 132 559
0.3094772 0.17862184 37 405
0.5736445 0.40298328 146 627
0.37117362 0.24017489 56 516
0.47078001 0.31409368 106 570
0.45142817 0.26030058 115 469
0.4789799 0.31486067 106 577
0.50258774 0.310054 123 534
0.49824485 0.3193376 119 571
0.5018391 0.30249363 123 538
0.51563823 0.32499453 128 573
0.55590415 0.33731392 142 543
0.49922782 0.25868076 118 475
0.3841296 0.20616803 71 443
0.4024672 0.22571412 62 491
0.61333066 0.28580186 153 494
0.46996647 0.27754885 101 534
0.83889186 0.42350435 260 458
1.2873365 0.59037584 337 474
0.6122549 0.4016186 162 605
0.3754582 0.20967719 77 442
1.049951 0.48913348 292 471
0.3410353 0.2114442 47 483
0.33198655 0.19678575 50 440
0.24917758 0.1624054 27 367
0.42219174 0.27224502 71 557
0.22938155 0.14836565 24 325
0.27973968 0.16600417 40 359
0.38077855 0.21035066 71 452
0.31791037 0.18829177 44 433
0.36972088 0.20612565 64 451
0.35586938 0.19860089 59 436
0.34709206 0.19521244 58 431
0.37882033 0.20665516 71 447
0.34356213 0.18862845 56 423
0.38018906 0.20568359 73 438
0.33680573 0.18160912 56 417
0.37661088 0.19706976 73 426
0.3194648 0.17501241 50 409
0.3692476 0.19613329 67 419
0.30061188 0.17361544 43 400
0.35853752 0.19830686 64 434
0.2985885 0.17633767 40 410
0.34712026 0.19708419 61 433
0.30578476 0.18246226 41 422
0.33115527 0.19420914 52 432
0.3045444 0.18603025 39 423
0.3113565 0.18529981 42 428
0.2277464 0.13602714 23 297
0.19269039 0.12203644 14 254
0.18331501 0.11960159 16 228
0.20154025 0.13365354 17 279
0.19140793 0.12738943 17 262
0.20443143 0.13759345 17 292
0.20692639 0.13744025 15 300
0.21206869 0.13865858 16 306
0.21263996 0.1379117 15 314
0.2109279 0.13714178 15 312
0.20748276 0.13684407 14 311
0.20393133 0.1331828 15 304
0.20245068 0.13309896 15 297
0.20298351 0.13588578 15 295
0.20436588 0.13560659 16 300
0.20609038 0.13678983 16 307
0.20823678 0.13814226 17 315
0.21061829 0.13843961 19 316
0.21324226 0.13980792 19 320
0.21597303 0.14168926 19 323
0.21859573 0.14406836 21 325
0.22123228 0.1454278 23 322
0.22361414 0.14644803 22 331
0.22578177 0.14642054 22 338
0.19750784 0.11691883 19 243
0.17349452 0.10853967 12 213
0.17369337 0.10760179 12 227
0.1749878 0.107981764 12 230
0.1724914 0.10663014 11 226
0.16640082 0.10421734 11 207
0.16034776 0.100715235 11 193
0.15642904 0.098898984 10 192
0.15425193 0.098138556 10 182
0.15565881 0.09924551 10 188
0.15827988 0.10188401 11 195
0.1632798 0.10500931 11 218
0.16807501 0.10799249 11 234
0.17290762 0.110019326 11 244
0.17681992 0.11140297 10 252
0.179716 0.111776315 11 261
0.1814219 0.113645546 11 260
0.18183625 0.112070896 11 259
0.18111132 0.1111647 12 253
0.17947294 0.110331446 11 252
0.17749766 0.11045709 11 249
0.17574589 0.11037654 11 253
0.17481954 0.11045611 11 249
0.17474145 0.110876754 10 246
0.1753409 0.1114861 10 247
0.17639449 0.113180235 11 248
0.17763372 0.11423061 11 249
0.17894338 0.11431245 11 253
0.18024383 0.113706745 11 254
0.18152982 0.11489497 11 258
0.1440629 0.09054489 8 161
0.13984163 0.089968264 7 156
0.13830107 0.08784992 7 154
0.13806155 0.087619714 7 152
0.13848035 0.08812468 7 152
