1886.2463 761.2899 1000 0
943.1094 384.01813 1000 0
977.2916 526.8849 1000 0
986.08594 530.04706 1000 0
997.32465 577.8595 1000 0
928.2295 541.25134 1000 0
381.3658 178.17459 1000 0
300.44928 152.9987 1000 0
276.28348 145.91756 1000 0
223.01141 123.97081 1000 0
187.0053 117.92067 1000 0
98.05074 66.239914 1000 0
103.29619 70.38238 1000 0
97.00442 64.23241 1000 0
62.596046 38.405033 1000 0
83.82872 48.611362 1000 0
58.062233 29.529871 1000 0
50.89561 26.389954 1000 0
34.12669 18.805046 1000 0
42.46006 22.163979 1000 0
29.381315 18.958036 1000 0
22.186626 13.741022 1000 0
18.999115 10.414385 999 1
17.986637 10.704641 998 2
16.376572 9.605274 994 6
15.011168 7.992771 985 15
13.027097 7.46609 986 14
14.113212 6.854506 976 24
16.174116 7.1288514 975 25
9.098349 5.1344213 973 27
27.783508 15.968745 984 16
9.269074 4.475063 948 52
9.559754 5.093852 934 66
6.813878 3.7619405 898 101
9.117622 5.101212 911 88
9.096263 4.8406944 887 113
9.038762 4.873645 905 95
8.441002 5.308241 958 42
10.583238 5.4378786 892 106
7.267117 4.6625476 910 89
11.746552 5.5848694 886 114
9.446345 3.5763955 835 164
8.719499 4.867441 904 95
6.7578883 3.7496629 834 164
7.530211 3.3228154 819 178
13.645814 5.514974 917 83
8.333367 5.509916 933 67
5.1457977 2.7533293 775 222
12.7497635 5.171921 860 138
6.654169 3.8976433 842 157
4.113816 2.552837 832 166
6.616475 3.9843345 862 138
4.193086 3.067906 903 97
4.2251744 2.2125967 747 242
10.07983 3.554689 818 176
5.196791 2.4602034 735 253
4.7372475 2.208486 732 260
4.907504 3.0100963 810 178
6.3989706 3.7066445 849 149
6.9380984 3.3750112 784 205
4.3666506 2.7654147 798 192
4.7567596 1.974282 724 271
18.54571 6.258474 825 171
7.8093987 2.7293818 761 217
11.975424 8.178629 979 20
5.3693094 2.24277 708 264
8.930015 3.419275 767 217
5.412829 2.9953456 823 171
8.144307 5.776884 920 80
3.915155 1.9504527 687 298
2.451477 1.4690733 630 360
3.7113435 2.0955164 716 267
2.9709306 1.5505288 632 322
3.0749378 1.9584942 738 260
2.7623134 1.8751271 694 279
3.6755283 2.2962584 757 236
5.980806 2.1088762 724 254
7.811874 3.8640094 836 162
2.9240348 1.6936067 667 306
2.7327166 1.3926824 619 347
6.3995357 2.9913726 728 236
5.138946 3.2990642 893 105
2.896146 1.5230976 640 340
2.4736605 1.4873543 631 333
4.7000575 2.8852787 824 174
11.883447 4.570597 788 198
3.353278 1.3680378 598 351
9.920955 3.4111152 754 210
4.037829 2.2541132 748 247
1.452125 0.8254587 426 493
5.4557004 2.6413834 738 250
3.154916 1.3851868 602 349
4.9474783 3.1570213 786 204
2.0788658 1.2352517 583 367
2.960409 1.235944 569 399
3.942457 1.4466482 583 348
3.5802314 2.9027367 840 154
2.3069923 1.126503 542 393
6.7531643 3.5799408 803 184
5.4178195 2.2601361 683 279
4.521125 1.82691 657 319
8.252578 3.9223137 817 167
7.8250895 5.5543504 913 77
2.8820086 1.7335148 640 309
2.5470405 1.4603984 623 318
2.3801847 1.0780549 518 408
1.8513272 1.0113593 506 438
2.2864037 1.116172 528 378
3.2105367 1.505582 597 317
7.6439924 3.0846972 729 251
4.8990703 1.7608342 651 313
0.4991837 0.27320707 104 516
0.63562 0.3575591 149 596
0.5864512 0.34960964 135 597
0.6327139 0.4026363 150 641
0.6399195 0.42001176 149 669
0.62065256 0.40679199 124 687
0.5712241 0.36899224 99 676
0.493339 0.29725385 75 623
0.4513695 0.28044295 66 592
0.45842782 0.2905568 65 607
0.4484669 0.28217438 60 601
0.44885388 0.28085387 66 599
0.44495744 0.27860576 67 590
0.45019013 0.2808745 71 593
0.44240436 0.27405936 67 588
0.44976288 0.2789114 77 574
0.43255067 0.26649874 69 565
0.43458825 0.2675923 74 555
0.41162074 0.2509309 66 534
0.3745972 0.21753076 53 499
0.3467682 0.18587017 48 415
0.33137363 0.18546496 42 419
0.3488008 0.19154486 49 434
0.3430645 0.19133626 46 434
0.35387453 0.19719493 49 445
0.37010038 0.20766184 58 454
0.38628015 0.2176466 62 469
0.39578292 0.22260274 66 476
0.39690056 0.22043273 65 483
0.38779017 0.21236502 65 465
0.35530078 0.20210944 54 449
0.34760177 0.21178432 52 464
0.39082205 0.26481488 56 592
0.52311534 0.267952 123 501
0.5027041 0.26690856 118 507
0.42978826 0.23345843 91 480
0.3641808 0.23164411 49 513
0.40571174 0.28252307 62 622
0.4722151 0.24026607 96 487
0.4130969 0.2596308 59 561
0.5144571 0.2552036 107 490
0.6384567 0.41795745 159 648
0.23692337 0.13511056 24 283
0.23533976 0.12961741 23 290
0.2342482 0.13060533 24 293
0.23512909 0.13227382 22 294
0.2373698 0.13360606 23 300
0.24080367 0.13508506 23 310
0.2452749 0.13869117 23 323
0.25024396 0.14316943 24 329
0.25509322 0.14679268 26 337
0.25922784 0.1471485 29 342
0.2621106 0.14733182 30 343
0.2630392 0.14687021 30 346
0.2609588 0.1443674 27 343
0.25449115 0.13902907 26 333
0.2433806 0.13573919 24 324
0.23172852 0.13068563 23 306
0.22436626 0.12782173 22 290
0.21977225 0.1260118 19 285
0.2163349 0.12531492 18 275
0.2137126 0.12408596 17 271
0.21177031 0.12500653 17 265
0.21050835 0.12460817 17 256
0.20992951 0.12618756 15 264
0.20995161 0.12648968 17 262
0.21036386 0.12692581 17 262
0.21088065 0.1253415 19 266
0.21135974 0.12684983 20 260
0.21193077 0.12789628 20 264
0.21283624 0.12881294 20 264
0.21417727 0.13037004 20 268
0.21581388 0.13239759 20 273
0.21761173 0.13339366 20 277
0.21937813 0.13375808 20 282
0.22110644 0.13588409 21 282
0.22270747 0.13689677 21 286
0.22418335 0.13639136 20 297
0.22547063 0.13650611 20 305
0.2265529 0.13615324 21 307
0.22738944 0.13713503 23 308
0.2279918 0.1388119 23 307
0.22835366 0.13984321 23 310
0.22851287 0.1407792 22 310
0.18158087 0.10457486 11 194
0.18133263 0.10482089 11 201
0.18147795 0.10523772 11 204
0.18161513 0.10534471 11 204
0.1817008 0.10567338 11 204
0.18172792 0.10543414 11 204
0.1816217 0.10566771 11 203
0.18133084 0.10552602 11 202
0.18084484 0.10499082 11 201
0.18020514 0.10395703 11 200
0.17949748 0.10373668 11 202
0.17882241 0.10427213 11 199
0.17823896 0.10456454 11 195
0.17777605 0.10459728 10 195
0.17742193 0.10399703 10 194
0.177152 0.103803776 10 194
0.1769481 0.10405519 10 196
0.17678934 0.10360229 10 197
0.17666109 0.103519574 9 196
0.1765555 0.10349539 10 196
0.17646499 0.104139045 10 198
0.17638394 0.104313806 10 199
0.17630759 0.10410948 10 196
0.1762372 0.10451278 10 194
0.17617343 0.10462981 10 196
0.17611949 0.10462117 10 198
0.1760784 0.10432156 10 201
0.1760515 0.1038755 10 201
0.17604554 0.10414799 10 202
0.17605846 0.10419479 10 204
0.1760876 0.104321554 10 203
0.17612144 0.104542255 10 204
0.17614023 0.10532506 9 205
0.17611898 0.105318196 10 202
0.17604117 0.10498808 10 204
0.17590582 0.104577914 11 204
0.17571898 0.10443056 11 204
0.17550161 0.10471995 11 204
0.1752713 0.10478077 10 205
0.17503612 0.104801714 10 207
0.17481238 0.10499971 10 207
0.17459953 0.10481726 10 205
0.17441256 0.1042918 10 206
0.17424718 0.1044526 10 204
0.17411256 0.10408835 10 203
0.17401095 0.10470633 10 202
0.17394258 0.10505484 10 203
0.17390364 0.10528014 10 205
0.17389765 0.1058742 10 207
0.17391896 0.10637944 10 209
0.17395549 0.106591865 10 211
0.17400436 0.10652004 10 212
0.1740587 0.10680019 10 212
0.17410718 0.10703075 10 210
0.17413822 0.106949516 10 211
