2047.3292 828.76886 1000 0
966.0152 386.88358 1000 0
979.8435 560.41187 1000 0
986.99756 538.9773 1000 0
1002.3229 581.5252 1000 0
941.36115 551.6117 1000 0
371.55115 180.39438 1000 0
289.0755 168.8321 1000 0
266.11636 172.44907 1000 0
251.0855 169.69997 1000 0
233.07106 162.69908 1000 0
193.6191 123.38378 1000 0
134.08246 91.32945 1000 0
77.24576 50.323177 1000 0
83.035065 55.83776 1000 0
74.18281 46.725235 1000 0
45.60903 29.229576 1000 0
47.577755 30.5124 1000 0
44.17753 26.57882 1000 0
31.732708 17.367073 1000 0
30.537174 17.304289 1000 0
26.951284 15.386976 1000 0
21.224485 10.318049 999 1
19.089794 10.622323 999 1
21.289972 12.65629 999 1
25.651764 11.9787445 997 3
26.623474 13.783371 996 4
14.5727625 7.1068306 994 6
18.386894 7.1143484 973 27
22.578142 11.028194 984 16
12.798757 5.8249655 942 58
8.576106 4.739897 939 61
13.529583 4.705568 944 56
16.023554 9.250595 983 17
6.538021 3.10595 922 78
10.3900795 5.440612 935 65
10.951548 4.5868773 914 86
7.5063777 4.125655 910 90
6.016149 3.098282 890 110
7.439179 3.5039723 881 118
8.343873 3.9784884 903 97
8.566801 4.6019945 909 91
5.1641316 2.453498 797 203
21.638584 7.597971 925 74
8.538563 3.5853415 877 122
3.893095 2.3459766 808 191
8.779674 4.649221 896 104
4.4068904 2.3602204 810 187
11.814803 8.066921 953 46
9.801811 3.9749956 825 169
5.5881004 3.3352668 852 147
8.985487 4.995841 872 127
7.044924 3.4624643 821 175
3.3805618 1.8373044 713 284
4.187438 2.3224185 756 239
9.648311 3.9112346 810 186
10.13051 7.364476 961 39
6.861591 2.7129502 748 240
6.3499665 3.4402502 804 190
3.7197158 1.7406671 682 297
8.53198 4.158869 881 118
5.118334 3.5852227 828 166
4.6782823 3.1946201 826 169
4.1551843 2.2388086 737 256
9.351642 4.6364775 835 162
6.7256074 4.1746745 826 166
8.746796 4.0432067 791 205
3.4451373 1.698521 695 304
4.2169466 2.2693279 737 262
3.799916 1.8825376 705 284
0.87203324 0.46510458 201 629
0.7920255 0.42865396 170 623
0.78464264 0.42283595 172 626
0.7762507 0.41757315 167 629
0.7671741 0.416264 166 626
0.75772804 0.41361535 166 620
0.74888015 0.40355033 160 625
0.74155784 0.39235556 154 623
0.73574877 0.38410187 148 627
0.730664 0.38286197 147 624
0.72564125 0.37613174 144 630
0.72035736 0.37380975 144 626
0.71464807 0.3730902 141 632
0.7085265 0.37209636 142 627
0.7021955 0.36939532 142 619
0.6959568 0.36949444 141 620
0.69010437 0.369411 139 621
0.6848604 0.36800787 137 627
0.68023956 0.36417308 137 627
0.67587054 0.3623333 138 626
0.67097723 0.35811755 137 620
0.6650339 0.36053503 134 624
0.658745 0.35816032 133 620
0.653479 0.35776436 134 610
0.6495616 0.35880417 131 604
0.6462039 0.35404128 131 606
0.642897 0.34899983 129 608
0.6398427 0.35011387 127 613
0.63741463 0.3495865 128 617
0.6356872 0.35204607 128 619
0.6341517 0.34991825 129 617
0.63207054 0.34234288 129 617
0.6295749 0.33781588 129 614
0.6282563 0.3350829 130 600
0.62984437 0.33120546 128 598
0.63349473 0.32904598 131 588
0.635108 0.3298924 134 579
0.6311762 0.32897517 135 573
0.62299377 0.326912 132 577
0.6145016 0.32148135 128 580
0.60738635 0.32246995 127 581
0.6014378 0.3186726 125 583
0.5965736 0.3144095 120 588
0.5928017 0.3118885 117 596
0.59000057 0.3142609 112 608
0.5879124 0.32039252 109 619
0.5862244 0.32286572 106 630
0.5847939 0.33138126 105 639
0.5840586 0.34084657 108 643
0.58469665 0.34935936 114 653
0.58651775 0.3490616 119 653
0.5882802 0.35110247 119 655
0.5888539 0.3522058 123 651
0.5883309 0.3505471 124 650
0.5879107 0.35248244 126 648
0.5886778 0.35558537 128 646
0.59088755 0.36086148 129 642
0.5944663 0.36803705 131 641
0.5989482 0.37613773 134 645
0.60389197 0.38052383 142 644
0.6086396 0.38594958 146 644
0.46595648 0.26062495 85 559
0.46274042 0.2566725 86 553
0.4620295 0.25644082 86 552
0.46144894 0.25442073 88 547
0.46097472 0.25589207 89 547
0.46055332 0.25641742 89 546
0.46017632 0.25685 89 543
0.45983577 0.2590327 89 543
0.4595288 0.2607749 88 542
0.45924625 0.26167047 88 544
0.45898217 0.26290107 88 545
0.45871982 0.2641596 88 546
0.45845473 0.26384872 89 545
0.45817408 0.26448542 88 547
0.4578739 0.2644114 88 547
0.45754668 0.263527 87 550
0.45719653 0.26382378 88 552
0.4568277 0.2634032 87 553
0.45644477 0.26363465 87 552
0.45606384 0.26300025 87 554
0.45569614 0.26226848 87 553
0.45534733 0.26157886 87 551
0.45502964 0.26097292 87 549
0.4547423 0.25943142 88 546
0.45448232 0.2588958 87 548
0.454247 0.2584037 87 546
0.45402107 0.25842896 87 546
0.45379955 0.25848195 86 546
0.45356613 0.2582181 85 544
0.45330906 0.25837764 85 539
0.45302886 0.25763428 85 537
0.4527146 0.25716466 85 537
0.45236078 0.25722313 85 536
0.45196974 0.2570781 86 534
0.45153928 0.25548807 86 533
0.45108068 0.25401554 85 535
0.45058936 0.25282988 84 536
0.4500775 0.25248075 84 535
0.4495401 0.25308427 83 533
0.4489916 0.25195986 84 532
0.44843513 0.2513978 84 530
0.44786724 0.25225997 84 530
0.44729647 0.25182873 84 529
0.44671446 0.25156632 84 529
0.44613 0.2510079 84 529
0.44553873 0.24948278 84 525
0.4449397 0.24793784 84 524
0.4443335 0.24859263 84 524
0.4437168 0.24899875 84 522
0.44308415 0.24864739 84 521
0.44244075 0.24900056 84 521
0.441781 0.24741927 84 520
0.44109955 0.24654068 83 521
0.4403978 0.24569987 83 520
0.4396721 0.24509756 83 520
0.4389211 0.24518716 83 521
0.4381432 0.24442968 83 522
0.4373406 0.24350625 82 523
0.4365135 0.2434877 82 518
0.43565962 0.24403329 82 518
0.43478793 0.24386525 82 518
0.4338977 0.24373272 82 518
0.43298665 0.24362873 82 517
0.43207097 0.24297306 82 514
0.43114758 0.24208042 81 514
0.43021464 0.24227458 82 513
0.42928845 0.24243675 82 514
0.4283668 0.24261102 80 516
0.4274478 0.24233715 80 514
0.42653796 0.24067527 80 515
0.42563644 0.23975033 80 516
0.42474753 0.23860228 79 517
0.4238703 0.23768346 78 518
0.4230009 0.23767418 78 516
0.4221441 0.23608765 78 516
0.42129427 0.23590586 78 515
0.4204548 0.23572886 78 514
0.41962323 0.23541553 75 517
0.41879922 0.23522395 75 516
0.4179815 0.23526606 74 519
0.41717133 0.23549506 74 517
0.41636774 0.23465556 74 516
0.41556737 0.2344781 73 518
0.41477314 0.23427512 72 519
0.41398424 0.23320262 72 521
0.4131973 0.23266545 72 520
0.41241476 0.23220405 72 519
0.41163582 0.23171526 72 519
0.4108595 0.23216288 72 518
0.41008765 0.23262982 72 518
0.40931946 0.23306987 72 517
0.40855423 0.2332924 72 516
0.40778968 0.23334709 71 517
0.40702832 0.23305573 70 516
0.40627185 0.2326329 70 516
0.4055147 0.2314928 70 515
0.40476122 0.23047535 70 514
0.40401196 0.22984573 70 513
0.40326267 0.2302301 70 513
0.4025174 0.23046003 70 514
0.4017723 0.2302147 70 515
0.40102968 0.2297617 69 515
0.40029085 0.22916009 68 512
0.39955178 0.2284821 67 514
0.39881787 0.2278055 67 514
0.3980832 0.22714944 67 513
0.39735147 0.22651185 67 510
0.3966213 0.22608899 67 508
0.3958948 0.2258171 67 507
0.39516884 0.22555362 67 507
0.39444536 0.22524787 67 507
0.39372328 0.22496067 67 505
0.39300317 0.22483101 67 504
0.39228433 0.22438376 67 502
0.39156884 0.224095 67 501
0.3908535 0.22374576 64 502
0.39014128 0.2235107 64 502
0.3894315 0.22321804 64 501
0.38872278 0.22291683 64 500
