1842.9933 823.952 1000 0
966.70123 386.6574 1000 0
983.08417 559.3302 1000 0
972.92065 527.025 1000 0
993.2319 572.64453 1000 0
956.44165 564.2914 1000 0
346.85126 164.55711 1000 0
307.91193 141.91219 1000 0
253.22209 144.58875 1000 0
197.60397 102.34515 1000 0
110.39939 75.66345 1000 0
110.11542 73.58536 1000 0
82.852455 55.583973 1000 0
78.79341 52.89197 1000 0
93.06915 66.08887 1000 0
58.337673 37.270027 1000 0
54.89847 29.863588 1000 0
35.92628 19.106272 1000 0
38.167793 20.264969 1000 0
28.579145 15.802502 1000 0
24.241108 12.617787 1000 0
29.352337 19.651876 1000 0
23.312773 12.778881 996 4
27.4933 15.52187 996 4
53.518158 22.31366 998 2
20.949047 13.50001 998 2
16.960594 9.003216 996 4
14.622922 7.254198 978 22
16.923466 7.3538857 972 28
17.72827 8.136641 964 36
13.882399 7.27344 963 37
8.549607 4.6704817 950 50
19.584187 8.366319 947 52
12.170243 5.460135 927 73
16.310833 10.280717 991 9
7.8750587 3.5286567 908 92
6.4121504 3.4653268 877 123
9.172792 4.78483 903 97
5.9848156 2.6547627 835 165
9.486047 4.40318 883 116
13.81329 6.218027 907 92
11.300733 4.878571 881 119
5.014337 2.472691 810 189
16.633167 7.5709376 898 102
6.066108 2.5765822 825 175
5.101921 2.4197032 783 212
7.077236 3.496461 850 150
13.994398 4.326173 832 163
5.3976564 3.2377253 819 175
8.832409 4.683689 876 122
6.2211576 2.9812546 838 157
12.145304 6.1123233 921 79
3.5704272 1.9648304 710 285
9.435906 3.2131546 773 220
7.036118 2.8239875 754 229
3.8772528 1.838347 699 278
4.8761706 3.0016744 840 155
6.8846865 3.5887928 865 134
5.8830624 2.19172 749 238
5.9016585 4.277821 908 92
4.4992566 2.3238187 740 249
9.856289 4.052886 806 185
3.7526107 1.2222155 568 401
5.7206187 2.4797587 746 244
6.817485 5.350557 944 56
7.280639 2.5912807 744 246
4.094008 1.6661532 642 329
5.5252266 3.2387805 820 168
7.7136207 3.2875175 791 191
4.67057 2.8082519 787 192
5.0842443 2.6453383 759 228
5.2512317 2.113432 715 267
4.8722944 2.8194888 753 223
4.309379 2.9982116 810 182
4.6736345 2.5937004 761 223
2.9776974 1.468693 651 326
13.983816 6.3819847 889 109
5.963456 2.1993873 692 292
8.05809 2.7219908 723 252
11.648303 9.650196 953 44
3.6818526 1.9456235 698 276
4.6572223 2.7908087 833 163
4.800122 2.5972123 758 220
6.6181564 3.2498665 752 237
7.978676 6.3761992 937 61
7.133212 3.145993 762 224
2.820112 1.4181806 612 358
7.282791 2.8515654 768 215
4.7044287 2.285867 728 251
2.5927882 1.2938036 567 372
3.04404 1.3476462 607 362
2.7772052 1.4760087 614 354
7.846587 2.9570968 752 226
3.067932 1.742835 680 288
3.8446267 2.1457179 696 264
6.2299385 2.2898636 698 275
2.86582 1.2534475 575 381
2.8857195 2.19464 786 207
3.240846 1.5945387 637 322
2.1269834 1.1310828 533 411
4.200506 2.3513203 710 258
3.4267614 1.7719461 659 302
4.060103 1.5777513 625 319
9.236788 6.3271704 981 19
3.5888267 1.8834943 647 310
2.7407496 1.6001498 665 298
3.1636207 1.2564828 563 370
3.2005227 1.6455865 651 317
7.658708 2.7556565 745 221
5.254074 1.9602785 683 277
4.488205 2.0625768 672 269
3.5381281 2.1489315 716 251
2.9696398 1.514693 625 320
3.5532374 2.018184 668 283
4.5905886 2.5258617 728 242
2.0677123 1.3106232 580 363
3.7024598 3.0657477 897 102
7.5894966 3.1649075 714 236
1.836233 0.9608929 485 410
4.923132 2.2663035 672 269
1.4309082 0.7900733 429 472
2.8442566 1.7210156 674 288
2.5971308 1.5299377 640 327
2.5308998 1.7205753 668 291
2.6216073 1.3840697 604 324
4.7529044 3.0595312 793 186
2.8717608 1.3402624 587 354
3.7567697 1.4955804 607 320
6.0028563 3.3283563 823 169
4.6552873 2.154609 643 274
1.8174077 1.0275836 511 412
3.7673333 1.7315693 614 322
3.922964 1.6517626 630 313
6.015362 1.9155493 661 293
3.4761288 1.5843371 634 325
2.9925945 2.2099323 790 193
2.01914 0.9308571 482 418
2.5086725 1.6778908 662 302
4.2252216 1.7672873 620 319
1.8387824 0.8976508 458 472
7.4647546 3.1755872 738 233
1.8773983 1.0947502 529 394
0.37260383 0.20205908 59 448
0.54903847 0.3703283 146 604
0.519525 0.26032686 115 478
0.35331935 0.19423942 54 431
0.38436547 0.22421937 71 467
0.7000695 0.4083405 184 568
0.62325156 0.3114777 184 458
0.61831754 0.28021288 163 463
0.667519 0.41705543 221 509
0.58023304 0.31465024 150 519
0.6925054 0.40210715 185 526
0.45990744 0.28397334 85 556
1.1866485 0.6549666 367 441
0.75525534 0.35767034 192 516
0.57973045 0.31825262 160 488
0.56876343 0.39011157 151 592
0.65517426 0.44865313 177 630
0.37558675 0.21911009 57 487
1.5580202 0.7025713 397 408
1.3923396 0.9006398 464 433
0.46041387 0.24288894 111 471
1.0915759 0.6045239 360 406
0.22247985 0.13301058 20 316
0.1838422 0.11880996 13 232
0.19604623 0.13076171 14 283
0.20216085 0.13592091 14 305
0.19556579 0.13241005 15 280
0.21497989 0.14449182 15 332
0.19635603 0.12878937 14 281
0.22652252 0.1446962 21 335
0.2113827 0.1305376 21 295
0.23782021 0.15210466 19 364
0.20298159 0.12461648 19 268
0.2571199 0.16781022 26 384
0.17124738 0.10486962 15 205
0.16554214 0.10489181 14 199
0.16927247 0.10669982 14 213
0.19818836 0.12068838 20 261
0.19763723 0.11617581 21 253
0.19985662 0.12790883 18 274
0.18525897 0.11015232 19 233
0.21204086 0.14121793 20 302
0.32575017 0.16318163 64 372
0.39676252 0.2235694 77 480
0.25114742 0.15147468 26 355
0.48640656 0.24484488 122 451
0.18571302 0.11120074 12 260
0.3660749 0.20074499 71 431
0.2665946 0.15908365 34 350
0.5165214 0.25024566 141 430
0.17927414 0.10804823 13 249
0.304919 0.1878768 43 432
0.20348938 0.12328043 16 281
0.4255319 0.17699574 109 349
0.27844697 0.16924684 32 414
0.20051874 0.11320644 19 264
0.22344011 0.121998034 29 284
0.14254841 0.09169539 5 182
0.13935865 0.090081476 6 179
0.13584478 0.08897422 5 162
0.13389727 0.08923048 5 154
0.13282484 0.08755004 5 153
0.13200192 0.08708179 6 152
0.13184948 0.08615932 6 154
0.13268977 0.08325633 8 159
0.13478936 0.08431274 8 165
0.13851422 0.08591299 9 171
0.1439745 0.090806395 9 185
0.15063411 0.09554201 9 193
0.15733223 0.10142074 9 208
0.16275826 0.10644327 10 218
0.16536602 0.10888252 10 221
0.16343103 0.10816931 10 216
0.15560201 0.102492444 9 195
0.14492176 0.09746551 9 178
0.13939215 0.09447977 9 153
0.14095634 0.0958094 9 162
0.14405946 0.09883526 9 170
0.14674787 0.10064078 9 185
0.1494307 0.10255781 8 193
0.15207276 0.105206236 8 200
0.15485375 0.10647049 8 208
0.15758581 0.10781889 8 216
0.1603089 0.110501066 8 221
0.1627669 0.11183118 8 224
0.11560257 0.07660026 3 127
0.118290804 0.07752512 3 135
0.118521616 0.077732235 3 136
0.11955422 0.077727556 3 141
0.1207353 0.07852833 3 145
0.12161169 0.07840148 3 144
0.12172659 0.077823766 3 144
0.12076848 0.07666408 3 144
0.118817694 0.07654789 3 143
0.11657174 0.07670679 4 136
0.11489595 0.075598165 4 125
0.11400497 0.07515439 4 122
0.11364392 0.07537661 4 122
0.11356705 0.07488002 4 121
0.113640234 0.07459337 4 124
0.11376465 0.074240044 4 124
0.1138561 0.0743192 4 121
0.113857456 0.074097514 4 121
0.11376139 0.074058816 4 118
0.1136539 0.075175926 4 121
0.113696694 0.07531413 4 120
0.11402686 0.07545992 4 129
0.114636995 0.075777635 4 131
