1994.8153 918.33093 1000 0
1043.0544 330.8247 1000 0
944.43726 495.55374 1000 0
951.97876 494.46045 1000 0
945.43024 503.20197 1000 0
819.2159 445.26105 1000 0
321.305 160.19916 1000 0
279.32712 164.98712 1000 0
260.43228 158.07799 1000 0
224.23192 129.09528 1000 0
162.23532 92.85947 1000 0
109.75665 67.179054 1000 0
81.00833 51.213036 1000 0
49.239166 30.894024 1000 0
38.75012 22.911036 1000 0
44.76251 27.032894 1000 0
45.073944 22.900734 1000 0
29.115305 16.808208 1000 0
31.606527 17.045464 1000 0
31.909616 17.750423 999 1
34.230297 15.9206915 1000 0
49.802715 20.929142 998 2
14.163604 6.769306 991 9
21.513079 8.469191 991 9
14.235907 8.16251 981 19
13.412156 7.7090454 989 11
8.779635 4.7424035 980 20
10.558301 5.124983 958 42
55.717384 31.458935 999 1
8.61884 3.8938599 934 66
11.351047 4.669938 939 61
13.65496 8.58924 991 9
16.518269 8.079001 967 33
10.015041 4.748758 941 59
8.575683 4.2455206 897 103
7.9145937 4.643629 933 67
12.934295 6.755355 916 84
10.378762 5.151474 918 82
11.202832 5.6794577 907 93
6.2231855 2.8196387 836 162
4.533204 2.0207999 790 210
5.6947155 2.6924844 811 187
11.557501 5.8502555 928 72
11.708755 4.933507 848 152
14.317529 5.006007 886 113
18.974384 15.007217 967 33
13.900755 6.4772954 911 89
4.7750554 3.021644 852 148
17.633373 10.522688 935 63
24.715063 11.225644 951 48
8.679077 5.512969 942 58
5.1464834 2.39001 770 228
4.186806 1.6113148 659 329
25.471415 11.513329 941 59
4.1009836 2.471884 751 245
3.363002 1.8175386 693 290
24.82984 15.355463 966 34
4.696586 2.2901442 751 238
3.779859 1.81964 713 275
7.3931327 3.6410947 817 169
4.932606 2.4072351 758 235
8.459241 3.1402755 755 225
10.649107 6.092046 873 126
1.9149655 1.0794239 533 435
8.793687 4.344597 840 149
9.291488 3.311544 797 192
7.736225 3.4099913 830 161
3.3587599 2.08839 736 247
4.986726 1.6134233 628 339
9.345701 3.4633396 801 189
13.157138 8.757518 926 67
3.7302563 1.7081616 663 312
8.727667 3.4050214 788 199
23.811491 10.131645 904 90
4.129957 2.8220313 806 178
2.240865 1.2394707 572 386
3.6022966 1.7937261 668 296
4.6518106 1.8333498 645 306
4.715221 1.72011 640 345
3.5422554 1.9418662 700 284
1.8690889 0.94329244 471 481
4.6689057 2.6138403 743 235
3.6948326 1.3442773 596 350
6.271866 3.8188663 812 178
4.0444937 2.3198965 754 233
4.6478 2.1673818 731 242
2.2795491 1.3522147 604 352
4.045152 2.2970371 730 257
8.843119 3.6436121 811 180
2.405314 1.0961361 544 375
4.3184733 2.5164833 767 211
5.033505 2.5469003 732 233
2.3768866 1.2027301 562 403
6.5827527 2.9481382 753 220
4.569209 2.9023786 764 215
1.5168908 0.79513025 428 480
2.9981465 1.7942194 686 286
8.061646 3.982645 766 210
2.2365015 1.0686667 524 413
6.383929 4.2137437 793 192
2.7658932 1.3470106 589 347
5.5601153 2.756602 728 233
4.8639154 1.8293023 652 302
5.527096 3.6926365 845 146
6.048252 2.4292297 700 256
2.9070985 1.3620152 595 368
2.439869 1.1788269 552 394
3.4363112 2.0191176 699 271
2.1579044 1.1676804 550 418
3.1929166 1.5488161 628 339
5.5981784 3.6721187 847 143
3.3033814 1.6320388 632 323
4.5304246 1.9777437 670 295
2.833894 1.1805191 544 371
2.267328 1.2411702 576 363
5.117998 1.9158185 642 319
2.5278544 1.6096728 646 316
0.43013027 0.2248815 79 465
0.42539167 0.21971752 80 459
0.42316335 0.21719834 81 461
0.41757596 0.2168346 78 461
0.41031194 0.21604578 75 456
0.402317 0.21288344 74 447
0.3952003 0.20591325 72 440
0.38997492 0.19961488 73 426
0.38636106 0.19673683 70 424
0.3834961 0.20013164 67 434
0.38089982 0.19724055 64 432
0.37839857 0.19543265 63 427
0.3758845 0.19473504 64 424
0.3732424 0.19471401 64 425
0.37034965 0.19384547 62 431
0.36717138 0.19485344 62 426
0.363827 0.19531836 62 422
0.36055285 0.1926816 61 425
0.35756975 0.19358976 60 421
0.35490575 0.19270544 58 421
0.35236356 0.19251528 59 418
0.34978816 0.18946941 58 414
0.3472677 0.18790618 59 408
0.34488347 0.18707295 59 408
0.34254658 0.18569686 58 409
0.34016135 0.18441956 58 400
0.33765763 0.18332596 57 401
0.33495834 0.18124303 56 402
0.33206475 0.18040296 55 399
0.32912266 0.17760777 55 394
0.3265084 0.178907 54 388
0.32488123 0.17889795 52 393
0.32526514 0.17711033 56 391
0.32855693 0.18097176 52 394
0.33348104 0.17972597 54 395
0.3359374 0.17954707 54 400
0.33317804 0.17765771 54 397
0.32653767 0.17517275 54 395
0.31911498 0.17097253 53 382
0.31240985 0.16902047 52 375
0.30641192 0.16766112 47 376
0.30104938 0.16766395 44 369
0.29668644 0.16567877 45 372
0.29424578 0.16571708 46 376
0.29477268 0.17428909 43 394
0.29799527 0.18231234 40 415
0.30214062 0.18934584 39 431
0.3054619 0.19562697 41 447
0.30710578 0.19613771 42 450
0.30691534 0.19830497 42 452
0.30577862 0.19828074 41 456
0.30518326 0.19830579 41 455
0.30583376 0.1994495 39 459
0.30777228 0.20080367 39 464
0.31084087 0.20329769 41 471
0.314859 0.20652193 41 479
0.31943175 0.21067329 40 485
0.32424223 0.21241668 40 495
0.3288955 0.21719459 41 510
0.3331224 0.22154267 42 517
0.3366869 0.2249268 43 526
0.3394295 0.22937158 43 531
0.34119034 0.23044188 44 533
0.34198794 0.23223041 45 530
0.23214161 0.13401338 26 290
0.23019803 0.13467616 25 286
0.22991563 0.13509578 26 283
0.22966723 0.13523313 26 283
0.22944444 0.13572647 26 283
0.22924955 0.13571687 26 284
0.2290712 0.13588615 26 284
0.22890618 0.13580918 26 285
0.22875275 0.13589504 26 285
0.22860801 0.13620411 26 287
0.22847506 0.13615581 26 286
0.22835845 0.13581184 26 285
0.22826014 0.13535865 25 285
0.22819081 0.13547707 25 283
0.22815499 0.13521017 26 283
0.2281603 0.13525541 26 279
0.22820361 0.1348665 26 279
0.22828637 0.1350354 26 280
0.2284036 0.13464575 26 281
0.22854081 0.13454875 27 279
0.2286919 0.13401863 27 279
0.22884135 0.13372564 26 279
0.22898443 0.13421829 26 277
0.22911625 0.13351487 27 277
0.2292187 0.13352334 28 276
0.22930472 0.13346657 28 277
0.22935809 0.13390523 28 277
0.22938445 0.13391124 28 277
0.22937906 0.1342904 28 278
0.22934529 0.13417654 28 278
0.22928576 0.13398108 28 278
0.22920029 0.13389929 28 278
0.22909592 0.13356203 28 278
0.22897659 0.13359329 27 279
0.22884387 0.13360465 27 276
0.22871186 0.13342977 27 276
0.22857565 0.13351466 27 277
0.22844128 0.13300759 27 278
0.22830851 0.13251267 27 278
0.22818069 0.13225831 27 278
0.22805713 0.1320235 27 277
0.22794203 0.13211344 27 276
0.22781883 0.13200842 27 275
0.22769585 0.13185486 27 276
0.22755918 0.13272326 27 277
0.2273998 0.1325215 27 277
0.22722025 0.13155076 27 279
0.22700581 0.13137694 27 279
0.22674806 0.13159089 27 279
0.22644381 0.13163538 27 279
0.22607847 0.13152488 27 279
0.2256635 0.13139866 26 279
0.22519262 0.13116497 25 280
0.22467585 0.13098375 25 279
0.22411308 0.13124058 25 279
0.22352402 0.13072863 25 280
0.22291496 0.13035905 25 277
0.22230306 0.12999251 24 277
0.2216895 0.12962064 24 278
0.22109231 0.1294924 24 277
0.22051734 0.12906912 23 278
0.2199595 0.12870823 23 276
0.21942429 0.12867205 23 273
0.21890981 0.12831938 23 269
0.21841878 0.128196 22 267
0.21794274 0.12825647 22 267
0.21748462 0.1284506 22 267
0.21703881 0.12855503 22 265
0.21660256 0.12835683 22 265
